decayRate: 1.0
(0)[-3642.459307773895, -2653.859394856907, 2071.9125796211815, 364.0399803341827, -2426.0429831091624, 875.9969624182816, 1974.5620448341933, -1664.0088796606826, 4143.878220886416, -1353.1026397622013, -3497.3814772787423, -614.3822177559205, -2391.83004185183, -1088.6881283423197, 3050.8245297801745, -2293.105393205745, 2528.5350854259264, -3888.7236820445983, -1991.5509302581431, 2744.2528835318294]
(1)[3909.529199037111, 974.4728434250766, -2262.5601021819984, -3230.3057634039997, 272.4333519980989, 871.2572899144556, 913.5925692474583, -4036.893593088272, 3201.841871082318, -3094.7945857384893, -3073.9637138544495, -1208.7960069633848, 2130.506226733614, 4502.659882436568, 1880.5985255847581, -433.89452923382083, -3210.014373225058, -1284.7715816658401, -87.57229824365652, -1970.6989425923625]
(2)[82.95709768747338, 486.11848930990317, -4101.351674767631, 2754.7778193869885, 1452.090404718612, 2734.3798568796155, -4600.3683154290475, 4351.751682272663, -1567.9335224825602, 1590.7707882644866, -2606.732314507698, 2122.595832359103, -613.9610713181607, 2001.8287439380078, 1621.844051784735, 1741.6283563935162, -2282.1802954196924, -1934.8041045192924, 3685.9037316899557, 387.43866422803893]
(3)[-1575.8156701259768, -2354.8489200152812, 2248.167593093787, -4724.268717591742, -2028.0580482866706, -2297.6851224976, 1692.2608914519699, 972.2042550870871, 3810.709560245684, -470.2641518700654, 1146.943099692404, -2387.644656777883, 1286.1154178190081, -658.1330335494991, -1120.0926676358224, 2297.012855192884, 1208.877606663271, 4618.4059959385595, 4100.546021933345, -1446.1139940087378]
(4)[-2870.47010925102, 3029.0946986051035, -227.0266531757695, -3347.7999699579855, 2491.187819435417, 2289.2718583414385, 1549.9141776547533, -3762.3159186344906, -3695.458512794138, 2209.6720708147936, -1613.847074032989, 1853.2385276723435, 708.7275131397587, -597.0993854384404, -2806.7814653448936, -59.45709946811818, 5056.827286976139, 520.8713367909102, 1193.676328214575, -2681.000691541627]
(5)[-1355.737717367776, 2608.0218393214045, 3582.6957356104563, 2238.679857052573, -3505.591908920883, 1228.5602763123586, -3640.9287495220583, -1898.2481076095116, -622.7455191116642, 2594.1152365999133, -965.8495875617178, -246.89120035351752, 2409.4316607101937, 2464.457917156456, 2854.9963024410454, -705.0528553541095, -376.7868020223564, 3360.784975344631, -2813.7037639195, -4218.514351992734]
(6)[3582.5748599431595, -3133.612152054404, -2148.1180668250104, -1919.0855212586278, 892.780738461226, 537.8550590316686, 3316.862960336988, -4047.658135377591, -2206.9422369163617, 2841.298852655299, 4468.973890606985, 1804.9134671924483, -2996.09757590946, 166.88132939098662, 124.91831451684942, -3028.744175576534, -3094.2183711753974, -615.3876385343077, 587.4980036053595, -144.5249532724319]
(7)[-1143.0461007587603, -2359.5886958611377, 1448.972263425096, 4250.732950850266, 4334.326268667784, 1280.848297893393, -2682.9504790769065, -2161.9572211213635, 3060.608389262974, 4292.314431570519, 257.1400543066305, -2166.6256105787897, -2192.034143750715, 311.45287000228774, -2266.950679170321, 290.74594590117056, 810.4464793323675, 3491.5172156842173, 290.69854470393113, 2302.510980994776]
(8)[-3318.5654013734616, 1715.6752445526165, -374.7218680650375, 1245.1258794465778, 3486.9342571803695, 2245.7842335447394, 3623.1332386326003, 1090.1641339002222, 3712.6230069117373, 862.9108048232679, -483.43024663906306, -263.7953329004242, 1732.3130884205207, -2997.872422425773, -1248.740923821451, 1488.8794180589784, -3795.8394548737633, -2916.7421087517682, 1769.9413380468588, -4375.037337687338]
(9)[3360.380768779702, 990.6171355759164, -1379.4230287797016, -3358.547672543296, 4256.9259681413605, 3961.907877019735, -1442.6613075090609, 4005.6859520136945, 2315.477904089811, -2219.342042575515, 1022.8686260390656, -1651.6351961598875, 1309.2144918284337, -2344.442115380588, -773.4526489347566, -2026.897661393476, 3032.911497287556, 115.34949932944019, -3143.178151985503, 1033.0113452275482]
(10)[-4196.228216406553, 2092.75087240411, -1698.871212029709, -2609.898964187609, -1241.2946146098277, -9.323447500254373, 3041.2031898707905, 3493.053098984638, -339.0678514131653, 2602.20423175501, 1592.1636824153027, 3010.756650981788, 701.6529710814932, 1673.4565713378777, 2153.0312577881787, -1902.3908716939661, -3742.244178842201, 2991.3220331936122, -1583.244637501272, 3838.7500502919934]
(11)[1267.0330732569412, -749.0189281536723, -3375.106810571521, -2192.8143165433908, -401.78726880481787, -4739.326515468254, -940.962077122994, 2203.760957222829, -3071.2150753263827, 2277.939241180632, -3613.7096886625436, -3790.5207852855556, -3483.311836421325, -63.462494218099444, 1127.667766517118, -2701.6722789842775, 2776.266926456089, 1973.3177773230664, -1485.7777875752802, -907.2963262742005]
(12)[2868.6753088578093, 2156.5645171655824, -1039.131937976936, 1202.051814769149, -4425.030114828445, 2039.012050637959, 3835.7839247331635, 1956.9240973132132, -1526.0019346562804, -98.63167449392712, -2519.4608953748025, 1840.5926274444855, -1175.4282720606875, 1287.4643962479047, -4462.486510963891, 4318.347632587008, 869.7276120353336, -751.9452812497444, -3190.077343831023, 1147.1225271561764]
(13)[-327.8150280054645, -3335.8490953749883, 3335.2153058426375, -1195.4096836501146, -3204.6329568899964, 4313.594137744518, -3605.585911439773, 1654.8224278035161, -2706.644466134076, -3486.9447540290666, 2454.637556404926, -1452.0000355488246, -2095.753841535994, 2554.1303229389396, -3060.734224697079, -1400.5275974914869, -371.72117000871157, -168.4310203868695, 1690.471052249149, 1231.547071477785]
(14)[2078.445334528094, 3487.773098301336, 2787.756078996885, -1425.4035998793838, 3043.6907720393997, -4324.894943411397, -2848.950968623981, -2812.2561263966213, -209.0272908613932, 569.6089462498743, -280.0668549944717, 2756.040649797968, -385.7579484028545, 1513.7495059503465, 764.0392692350991, 3642.3506656930335, 754.2972468750627, -2865.1845312473624, 1422.9791137059008, 4235.954112720876]
(15)[2669.0509986471957, -3195.941370865918, 2784.1698906420756, 2043.323830037985, 2556.241599644534, -367.5254045316976, 2060.201458739412, 184.8328472446224, -2875.6426356178044, -3067.7425747618377, -3043.4192541549037, 329.07374935304983, 1975.5559052751316, -3707.5990713188858, 2434.853995090493, 2171.7506878592776, -2999.461663043611, 3732.011154067558, -2161.841632824847, 1451.1778870163103]
(16)[4298.131779616897, -217.3424196584684, -1828.6691289019707, 2221.552692322338, -3885.0374419532213, -3612.566985029338, -3560.193111936124, 1574.3518775323464, 4628.566933949176, 1256.0662098729456, 2737.230527823757, 1026.5833986070643, 1237.4450786027899, -1944.4917826669773, -1113.341725583789, -1489.0161291253835, 532.6245441621014, -2074.5867332400826, -847.3175913160043, -2360.318342885729]
(17)[-4203.1385792332, 631.2189234179253, -1418.2330644281094, 1093.927392726895, -542.0214914306235, -2654.0784636023523, -3549.229687099638, -2873.7531380453897, -1394.2867809603003, -4197.07892942688, 1363.3980187789348, 2050.4878589614705, 862.3093256873452, -4091.971083214602, -3527.7385341527956, -2285.2110337238514, -2738.4853137752502, -758.9913695848531, -421.9479133576465, 678.992512862569]
(18)[1349.3637961124325, 3713.2017449814293, 2368.5722454112924, 3379.212429257961, -2031.8149940027558, -614.9171398063525, 3061.8420053628834, 1186.7889293205624, -2963.0538700116886, -262.2238374963483, 3326.6168832623844, -2742.384135764368, 2500.769908889445, -2599.3177871332578, 2593.4249583051633, -1678.2387820395652, 2891.7855335670474, -2301.0300007199185, 2650.8767553378425, 2749.6337730687364]
(19)[-2208.356957094974, -3315.0384820223185, -982.4474767950561, 2844.791893387452, 1094.3526130545981, -3214.7100018057126, 2558.055153533925, 956.3090030708727, -2176.588648907274, -2497.045982233501, 2983.621177812223, -366.5620083175108, -1387.566769659395, 3888.689940603324, 2145.705882500873, 3997.4968613302617, 2208.833303640484, -1628.6695150753674, 366.34532753322765, -3447.0827903785803]
decayRate: 0.75
(0)[-3485.4077407346654, -3095.8926408795155, 1687.8677738328186, 222.78478620716118, -3146.5131009982874, 2005.9351864876676, 1638.6049709264155, -1538.7808836621155, 3065.1503208359036, -1099.4082099121179, -3389.751411768356, 953.8074371998879, -1372.934358372416, -2356.7208591807207, 3031.476806515308, -2026.827387652602, 2514.8652121071823, -3870.654543484885, -2812.565316355853, 2911.7222545998634]
(1)[2920.288602947563, 1845.912123463681, -2902.0398047428907, -2475.9023357324136, -639.5554227210459, 920.1619717239959, 1500.506416636614, -3515.689900779927, 3714.5612461638893, -3318.86519145787, -3329.4583768611524, -2491.7302667569015, 2208.4244414957348, 3975.4420977388645, 812.3100071632236, -1896.9764346034547, -3077.109121708327, -444.0835950626219, 1665.284843648618, -1835.0408010060091]
(2)[-1238.1033309177305, -1306.8302047245927, -3756.314498705087, 1803.3063018440027, 1158.7761291465986, 2870.1460335444563, -3481.3573654473157, 3063.522631524988, -2935.380527769836, 2085.231083893144, -2694.9158892136566, 1223.8091281241302, 1006.3294416649132, 342.8634632364839, 3014.4134464440795, 3251.5696894118323, -2345.441181784367, -1853.7144889124424, 3887.9779076159934, 2844.549151578495]
(3)[-1430.6854071118648, -2757.23915242373, 1412.281647891176, -3840.495271723108, -3766.7151687051482, -2707.7685623330335, 911.7393812869587, 870.5189619556321, 3343.115609303014, -423.182049613537, 603.5316715716881, -2068.046857276454, 334.0573558487012, -2634.4325685049084, -583.427856511149, 4415.405290435248, 1161.4045261661008, 4046.2253041957383, 3700.067440085023, -535.1512527402632]
(4)[-3001.1998129895123, 1293.2371417482434, 539.6529630653341, -3426.924954344737, 2373.701478615477, 2147.621213798152, 1885.8508902994902, -3312.4626488177964, -3110.1738591602248, 1591.3203589809661, -2728.313784808819, 3449.99631880259, 2432.926656818677, -1634.92738771948, -2718.5502162600856, -1316.214616701858, 3785.6003068444656, 763.2528733906233, 2114.546668324754, -2926.850693932492]
(5)[-2133.763944745742, 2690.6778181619425, 3060.982557419461, 2297.2606589615903, -3687.8935365938987, 2571.4848375862607, -3502.6494783770645, -2270.751815151731, -708.750086829792, 2604.935007366701, 1036.6690584050243, -563.6263438095453, 932.2203138885035, 1901.7870060244747, 3690.169888718379, 2055.675261887227, -542.7977610921545, 2793.7399951682255, -2842.7579940501605, -3815.1981198428025]
(6)[3502.07244106235, -3229.898650789349, -2547.3180533453215, -2514.349780644298, -42.04801220604523, 2397.7045785471273, 3061.936835552785, -3635.4059125221806, -1620.4653990901802, 3691.990881123295, 4197.974956412151, 618.1065810219017, -3084.844310370276, -1916.2109921118306, 804.431805283344, -276.7759766300236, -3431.7644617737446, -1132.8903635496852, -515.1289730693379, -563.306851721493]
(7)[-1045.0028425931764, -3051.776887679018, 541.3026210764601, 3957.823388506527, 3422.4674072421058, 1743.3707702744105, -1917.1506247710754, -2876.01616449548, 2830.1293476675023, 2802.933180933672, -123.17172586731914, -2720.666004399055, -1382.1363878282446, 2516.9169654464527, -3209.799346627434, -1649.5322818405027, 1811.0022386482744, 3787.2964875686575, 880.1592484734316, 3320.4996409518867]
(8)[-2541.3425394563674, 3027.431909912392, 2400.394285539885, 1804.6592733991574, 3429.498363346345, 810.4247581843257, 2974.098002993481, 2878.213787176823, 3383.011688568502, 2036.5900424446081, -1020.5783577422651, -2522.580802068233, -1018.6212092468637, -2736.426995546254, -2651.7244251720203, 981.2253835541858, -3617.5522824470004, -2882.438809271595, 845.7693639000416, -2906.321322897082]
(9)[2239.389948453816, 1390.9109372517435, -2041.865332597941, -2782.8671880786374, 3814.4257234167294, 3913.361646011334, -2816.654037450258, 2985.865057143381, 2934.877188027654, -3007.6547406064547, 3194.954689518579, -490.9699857876676, 924.5995904072372, -3005.944419553239, 716.5579210181725, 29.942056441715682, 3043.2939587378946, 1571.7558258064237, -3138.5730777618414, 245.29659331170794]
(10)[-3458.741520120574, 1984.751733462543, 188.22680814223617, -2680.526994792904, 359.03054140093747, -2361.786216574441, 3121.600100723797, 3197.591336387993, 651.1227673766329, 2154.4384753352792, 2567.4846965343877, 2788.185589111173, 1915.326839521702, 3082.798338094482, 1994.9012617442868, -2949.3543617591276, -3024.6518097575536, 2940.123722998134, -1943.6080863687519, 3333.9776421387664]
(11)[948.2504222526561, 169.6334124400172, -2415.2610750239996, -2349.4850637563127, -635.1435387997509, -4119.405851071685, -1723.2816032837927, 2896.375449479412, -3275.7353073974027, 2791.6087142476663, -4179.6475227078645, -3946.7532290315476, -2980.6517254472224, -64.1032863033015, 426.48876658017633, -2979.114302222636, 1846.6034952046136, 1215.7650091690177, -2075.2779905597326, -2064.3982415265677]
(12)[2826.4567488890757, 2869.5096740555255, -1333.8613532328445, 1890.2897425164044, -3618.06378256087, 2199.5394640386035, 3683.737050892536, 1885.0823325658355, -787.1561051385888, -156.3185001871912, -2309.9606016792723, 2202.7618462822193, -1921.0351128308369, 2513.552878413173, -4204.163747142375, 3705.3014299751135, 2146.2732802296255, 455.71554265556233, -2962.782181843586, 2077.4454910721392]
(13)[-281.5965172406799, -2923.1591526914117, 3814.4693221462267, -2342.8004575485306, -1876.0248737898357, 2812.6713115663833, -2756.4604363965714, 2979.561559321624, -3356.1336635270986, -3565.160398739864, 2235.70352544753, -968.6448650436096, -1652.109725300748, 3050.1101642284516, -3343.904956500367, -2159.2747347802692, -2169.0030247493805, -1684.958627491973, 1858.4001985408458, -910.651222260977]
(14)[2904.671449700362, 2952.8564549905986, 3854.4038016025547, -3141.783137684505, 3013.461684779713, -3650.8691541952467, -3519.813233041805, -2369.4783260220456, 709.6404620486552, 913.6615626696829, 207.69893079561655, 1957.3197337308304, -1579.3611177590415, 2087.478106346288, 1185.1857993166318, 3176.521497060551, 909.5718107605982, -3510.850091326419, 558.1780930924457, 2625.358843154466]
(15)[3620.687555112914, -3284.456026714037, 3705.5532187108206, 2642.6001841061357, 3138.718402626773, -1821.899419108245, 1615.0437895089879, -198.8222108693562, -2295.675560665554, -2883.601087934659, -3345.7775998069, 1618.6961632795449, 1483.1265591518804, -2549.896268684116, 2112.962841800605, 765.9230795095333, -3066.3469932200574, 3127.1979420840985, -1967.6203978119067, -563.0714258629204]
(16)[3245.042863028437, -1789.6913022691392, -1406.473569465842, 3162.2412616293796, -2984.537799145792, -2829.6258715286226, -2849.3325567196034, 2437.8445346379326, 3525.4737178798987, 2450.908524386753, 1456.8892329861826, 3825.657124266654, 2184.110549766425, -444.98925464555566, -1452.150393396196, -2696.954023018165, 1090.8060519901044, -2243.0676583064605, 857.9429365733479, -3271.6119032856495]
(17)[-3165.9256156809342, 2430.1112247721258, -3212.225860164556, 1648.2857512591238, -1881.4519798413178, -2981.982221505233, -3658.996817973126, -3416.6328349486903, -1810.0751068311483, -3857.935564862381, 1542.4258320068848, 697.9191633768487, 432.3428241413616, -3577.0623420390048, -3299.8093814751223, -145.17531712317938, -3159.693557529641, 81.8121014521754, -1386.2638842770616, 1787.8860519177506]
(18)[2707.419074574488, 3461.0827235436086, 1925.0275363976848, 3380.3530610429375, -1670.8047181984007, -323.70508314049437, 3248.8711647930495, 32.08423592740096, -2330.003344340835, -775.5544363063859, 2456.98717309037, -3195.7027356850363, 1881.0611197664575, -2634.641218275665, 2380.046519218549, -2917.7959625719363, 2916.4724507879682, -1063.8901138484853, 3623.011282246516, 3036.993040579064]
(19)[-3346.547313386321, -2319.4717647202724, -2323.069138167968, 2706.2832463391474, 2847.407312358267, -2756.89289354931, 2942.150025981163, 38.51586713706832, -1592.5538267390793, -3222.9730652815933, 3232.479366710085, -773.842256436711, -131.53188794715967, 3885.1752312834537, 1585.9380045539353, 2577.3406302064514, 3169.6287449527135, -2174.539673579316, -704.8021118078766, -2923.1049510107414]
decayRate: 0.5
(0)[-3260.6057259510926, -2529.5905162446143, 2396.2533517787633, 119.97297526102552, -2915.4179101545296, 2417.7919324210475, 1181.6307456108395, -1425.6919957817204, 2932.7881247526384, -2353.1150140227096, -3402.5140452425408, -1.3521784216546282, -756.1032721569555, -2879.9180494350376, 2578.5903696928267, -2590.932186577267, 2210.6231915874364, -3344.1130572805405, -3913.354025762424, 2629.0413372708363]
(1)[2605.9214399823095, 2105.094137634218, -3212.6831672826147, -2122.5758033506436, -2698.538095206825, 1300.7303655706946, 843.0227407387528, -2797.4073044798856, 3669.3255845790345, -3052.4863734800974, -2880.38318370752, -2893.739659171887, 1661.8349495208438, 3578.5639383750918, 2235.2637793438785, -1003.3332006234716, -3383.8928424464707, -151.2850233769683, 2997.7842331811926, -2185.336102063269]
(2)[-2476.962889994957, -2263.8475326648518, -2892.851121703115, 1477.0970055712194, 413.6786387425272, 1073.0679962633567, -3193.879021668922, 2790.837275277259, -3126.5599123239626, 2880.2346737912703, -2793.285904056567, 1400.620674703686, 1462.6958002635888, -975.2428825229474, 3405.9471299004845, 2797.953725070169, -1870.9197734260301, -2163.2398263873897, 3862.810529424038, 3285.745945588766]
(3)[-1569.5366328006944, -3003.026568270633, 1757.5413779018763, -3495.901964737906, -3747.558446053104, -3264.182870521075, 2300.225201056225, -649.2033209050725, 2469.597992169433, 1356.3503319946174, 763.1558883958497, -2296.2518212666578, 853.392378326109, -2303.6894214236568, -2443.8066894520525, 4315.705955317673, 1357.382486094854, 3606.768705508095, 2711.01088644474, 1139.1772107306047]
(4)[-3094.743731376195, 2111.8715035828973, 540.3617785439124, -3157.5978986213227, 2324.400001879106, 2223.0069498845423, 1955.8702683000347, -3363.182587896298, -2554.900334309364, 840.3238003228411, -2682.419894999539, 3696.9080756292387, 1719.918609842021, -1296.3374794724311, -2202.3093922767084, -2343.3793050384825, 3224.822738359555, 1129.331049949977, 2716.302534382733, -3286.586877054149]
(5)[-2128.3889727320884, 2186.8839213358992, 2985.9092441137286, 2290.53191606083, -3397.2783287277466, 2752.210100664045, -3243.6544212360095, -1937.8096809585966, -661.3490650769401, 3632.078158967008, 2105.869667756805, -317.49466080814693, 241.58954441773383, 1908.9122321919203, 3038.5438285920645, 3129.0071180029277, 496.1778326213093, 2844.6246215534206, -2631.4836510729283, -3473.0795034516427]
(6)[3342.6033307159955, -2676.0433795425233, -2344.780224765524, -3033.6081307962745, 897.5729561752452, 2227.423207163475, 3159.830820081672, -3308.7931229453566, -2128.0384789852283, 3612.052961560819, 3532.7529196399296, -369.6676177555766, -1559.7627171590734, -2881.61811159623, 703.6503034517953, 721.0118610135795, -3346.875835315767, -2626.812642791466, -2266.9549255611973, 94.60181602224485]
(7)[252.38211718647617, -3847.1388463146486, 509.2254756036481, 3643.4322411997687, 3329.9629458495688, 2783.7458062104397, -1690.2942823644173, -2771.0406595778572, 1866.7766929435127, 2599.9349188907804, -262.1614747062194, -3030.8988510592058, -1117.7975246233004, 2508.995510732035, -3055.828853009258, -3290.767470333615, 469.13495185370044, 3398.301783062899, 1208.601812424869, 3117.3841863935886]
(8)[-1963.7962405978387, 3516.38536437737, 1846.3880703959985, 2052.0362801157175, 3293.3922192036243, 878.9429519311786, 2744.942798288192, 3549.3278620859837, 3375.8681291230146, 1998.9095596349287, -1471.527984721807, -3139.1839812985013, -749.2834716236918, -2929.712809016704, -3381.371506622837, 1721.3874750293276, -2801.509954257642, -2500.132006509129, 458.7897647193824, -2099.836823897147]
(9)[1604.0700224236737, 1283.9548315845825, -2502.2446339722023, -2887.983977099721, 3545.071325586581, 3682.159256677332, -3612.9477585548507, 2597.9587437459304, 3173.997798517486, -3421.9416661212445, 2870.5418512000047, 406.0594993453938, 679.3188579434519, -2659.514639757149, 738.6265196549742, 1996.1130330306235, 2949.9670089957567, 2393.8751461103593, -1718.825290506938, 677.7499410111878]
(10)[-2950.2677985542923, 2056.7709024261503, 880.3404728825086, -2843.173555484141, 993.8346335225021, -2051.991553655859, 2999.5005679051, 3085.809883589517, 1353.4763900194794, 1983.239395790541, 2522.7068154249114, 2830.3426206511144, 876.6229020727703, 3355.7099184838753, 2549.946132624849, -3263.7508649722186, -3175.362600571782, 2877.690617150307, -1877.1504562142243, 3089.9086354370056]
(11)[844.2236571779104, 407.0660402460266, -2382.129825203231, -2010.953216716497, -913.8308081274856, -4026.9975364586603, -2464.8520662921865, 2863.326853736269, -2828.88166547038, 2571.7058461705406, -4217.258299518819, -3782.736178856397, -1972.8468549687148, 249.3372110590069, -634.948308525395, -2533.9099504686055, 1686.9114251475862, 1831.9372928524244, -3177.4612135037983, -2877.3314815047165]
(12)[2973.656703190376, 2249.1121858494917, -1980.2154055076116, 2232.363100983757, -3058.6093176435315, 2821.8703571781657, 3905.246765206264, 2099.800891733079, -1770.1765334378442, -441.04248890169214, -2752.753010977874, 2648.089076836326, -653.0879152091358, 3205.9768162356568, -3687.401859910935, 2822.642501573295, 2013.054041335564, 266.5630336693786, -2307.9278491488576, 2720.12624650313]
(13)[-675.3162976018339, -2520.964530369366, 3160.527222049515, -2737.620010194271, -1790.71376890705, 2255.441682060993, -2536.2288933535156, 3043.6004712640633, -3617.731218332645, -4026.682866782067, 2740.12183255462, -956.7200248875774, -2076.886583319804, 3027.0999298200863, -2960.9964382696867, -794.1236900333896, -2145.590478027537, -2414.953380448168, 2111.3870244104614, -1726.6587899859062]
(14)[3292.824841995059, 2417.7927574702035, 3920.8571514819228, -2840.986854582836, 3087.828708016212, -3374.30544091671, -3308.908191891996, -2248.800049754049, 1499.4826795315964, 1032.2019303508698, -1566.1917223325088, 2177.397461512715, -981.496508008999, 2787.7865566774412, 261.1443190055436, 2904.632408481725, 1039.8788676184731, -3928.0368100929504, 9.060927463399688, 2249.292474148099]
(15)[3657.1694701715023, -3266.393452983555, 3476.2511595641345, 2742.1080754266027, 2784.5692878701357, -1526.5160359675963, 1287.0093738138928, -5.630916442978085, -1165.326691430901, -3350.7223803210654, -2905.275231938665, 2269.2369475251853, 468.97738590461404, -2280.410417907472, 2676.5576147679963, 46.14244189684097, -3171.7070006486697, 3495.468280216858, -381.6508331612122, -2702.9270122967123]
(16)[2383.747268663607, -2128.046292568695, -1296.782296639649, 2392.327331440224, -3392.4753476796477, -2235.2596742425744, -1378.0218007691751, 2271.5593455291205, 3667.1937837157807, 2594.946340261768, 2693.4128458380333, 3919.7113722107288, 1234.4571096606328, -601.8807554959606, -1220.217001461053, -3314.9200739792686, 1898.8425058621785, -2600.383934026587, 1201.0730191404452, -3501.964189395797]
(17)[-2409.313968080241, 2990.9686206759343, -2888.8510067439793, 2284.5522235200365, -1901.1815330360607, -3453.159104991531, -3488.6880096576037, -3435.2196508839347, -1233.8349761146799, -3574.769212341172, 1796.3948462160524, 1718.087959007579, 350.37434517808805, -3105.170591692579, -3461.0758828338408, -341.09548730285115, -3364.8283545101353, 884.1419751622125, -1306.1914401179472, 1669.490633135354]
(18)[2804.9565200726997, 3551.858013774311, 2174.5409230511987, 2689.504299489199, -788.43529500592, -1302.3154835555854, 2423.90198186044, 703.1335266534523, -2521.875805585311, -965.8867430309065, 2455.2552456325825, -3224.1659812417947, 528.5803802374098, -3034.8090670207816, 3327.232703268341, -3224.5475375955793, 3096.7408085952284, -1193.9513585432637, 2915.223080321453, 3299.558205763083]
(19)[-3637.438113902335, -2189.415108916762, -2646.445541577777, 2596.7183099301405, 2996.370272354292, -2719.4377562884165, 3078.9996275931953, -1180.3319892132388, -1453.706700336594, -3273.583396934956, 2595.6353140286037, -1747.5098567616637, 482.00383983403265, 4063.3256714457275, 1523.1273008002227, 2338.9775701193944, 3088.2662253105414, -2325.583182751774, -904.1997420143479, -2313.90995585521]
decayRate: 0.25
(0)[-3322.035157448397, -3056.8184230448514, 2815.4944434245053, -286.48443085039577, -3104.4372428891693, 2220.4963220282234, 1520.4148182537865, -124.00396042818205, 2851.8207484001823, -3049.6511186704497, -3392.4247922570444, -929.6770641435193, 657.8568194313466, -2676.314135754685, 2275.2748929674467, -2348.9687346310848, 1595.0743299918445, -3311.4924046063243, -3994.4262991416517, 1704.4666016472208]
(1)[3136.7922249002268, 1852.1188173582561, -2709.751453888565, -2013.8654632276673, -2928.3249062706745, -213.49477051617802, 1625.2882576388956, -2850.2627895546752, 3804.561092751636, -2255.9380365722777, -3449.1996105463854, -3197.7690430490334, 109.97555206563285, 2722.9195329485224, -237.49344931102024, 1194.450611399323, -3783.599839421937, -1986.8593221807807, 2599.8236825028457, -3125.9238203934765]
(2)[-3302.839524209103, -1705.3317825198292, -2616.0289687928357, 1631.6340769216238, 2339.2249897258, 763.1855964070905, -2695.5137497716255, 2636.518896423602, -3784.4979445983604, 2584.7717058440903, -3305.5275104866814, -2857.5094417901837, 393.746910287777, 1117.3766162117413, 2136.765672320285, 2288.921616514857, -1899.24282257904, -3028.6194411555125, 3116.038230291247, 2959.9859202464877]
(3)[-941.5121535064131, -3548.7900782166594, 2000.2766202218268, -2696.2214868334718, -3427.8114187673377, -3124.6524337123547, 1969.7641688150707, -355.5866823693478, 1553.743401939644, 3064.0631947437078, 2440.868494807233, -2646.7902992254385, 506.32134859540315, -3029.033811587757, -1521.1778306052818, 3505.426797449229, 1897.6487916940864, 2741.931205738398, 3233.346067177955, 1613.8983784194247]
(4)[-3685.2011405766334, 2564.5668051918137, -1045.4188088159733, -3288.298778405535, 1603.1252898193384, 2481.537174927473, 1297.4863242697966, -3319.0103878834448, -1863.2648279037887, 1567.5724004699332, -3225.310004171301, 2936.4961941310835, 56.818883336715714, -4200.615766588699, -988.225608351067, -1521.87229836863, 2543.666250264765, 125.57469095209085, 3006.3576776846576, -2902.515557545748]
(5)[-2207.7269379149657, 1685.472512977794, 2849.6464691866863, 2389.6896346904614, -3082.371157243295, 2820.999608961342, -3065.8929577545478, -2755.3833789932855, -1053.1146316249738, 2999.863733943982, 2216.7687354601667, -907.4494883565848, -405.0224025152241, 2221.7111236596866, 3524.3253589635115, 2308.6079172687705, 802.5115914737796, 2900.5210168868684, -2727.7580954517503, -3657.9700116493823]
(6)[3372.712070853448, -3163.1613842451115, -1984.1738925377344, -3323.4183656258506, 2158.197624567837, 1860.3985966023515, 3121.4883058405726, -2825.5114742580586, -2843.8592878404625, 3803.119779797766, 3392.265381919893, -1294.7559340043672, 111.75635603770569, 421.61613420120614, 813.4444740829971, -2883.239439804093, -2209.723675049951, -2177.445427726217, -3261.356846812315, 1259.744348493723]
(7)[306.0664773941345, -2703.934614118097, 2638.46573823215, 3811.2423611844456, 3181.1461218898994, 2630.844575086009, -1778.414915421081, -2452.459696601993, 3699.5572998993057, 825.2401172236328, -1319.654469648191, -1597.6208151248645, -487.53813580125114, 1463.3267474242261, -2898.0526404534885, -3607.483065450736, -1315.8718387934703, 3758.5440351259385, 2350.4735704537147, 2404.296942928765]
(8)[-1653.1774204301912, 3533.609644445223, 2780.7605148223615, 1846.735172641296, 2793.7660175746378, 1040.2994472456621, 3261.139315091213, 3460.818241436404, 2196.393320764275, 1899.807677801464, 1676.7697051522732, -1845.9315537828325, -95.55532779705045, -2519.775562090009, -3758.5402528086483, 2109.917445889443, -2688.4064776667033, -2756.60330273353, -3081.7420991197696, -1692.2187882830299]
(9)[2028.581698673994, 1291.7984205590585, -3302.1310496950396, -3570.6575453636833, 3263.289311926308, 3370.6242595851095, -3424.1178528908404, 2028.806498781517, 3033.126621681064, -3412.854933519292, 2501.950799738975, -1456.1306179394892, -91.32576197143376, -2351.3665773055923, 1558.470682415757, 1509.8154876977767, 2458.1021511348154, 2957.0364166344775, -1452.9701831098448, 695.3678822225544]
(10)[-3040.1502045454777, 3525.137770360717, 451.8525888290933, -2201.423492663433, -493.0689459187999, -2387.981344655613, 2813.8962574516786, 2507.6936472797834, 1302.2030269147244, 1203.7588847109303, 1514.7252779262278, 2782.7417618387212, 1201.601828655834, 3232.9602954081784, 3471.0455763819436, -2976.08875874582, -3543.166842164366, 3632.3378318691266, 495.08263293943253, 2728.4439750182783]
(11)[-295.0257604319186, 311.66477273337006, -1681.517155942051, 71.15092930009361, -1233.7517406221411, -4007.0207080451055, -1403.1276154511056, 2546.4441351172127, -3141.160991376002, 800.4333153253257, -3641.25522780333, -3903.7955188671976, -218.604272188518, 1704.5861823721764, -2537.0149629933294, -3572.03682889158, 3049.152363411562, 2796.961473709865, -2998.289889500786, -3476.00401681629]
(12)[2837.1665674232295, 173.62468303270077, -3217.9137122503907, 2178.4847483245667, -2838.3419258661756, 3781.1475077463033, 3754.8988390730387, 2536.007544187986, -1504.149510716981, 729.7524411495183, -2432.4268317969218, 3320.82731556177, -1362.779165043138, 2085.2021919091794, -2937.3497104403777, 2185.4006682297095, 2505.235817250445, 1861.9800245152446, -1377.5895785791333, 2953.5783873811433]
(13)[263.334538302119, -2208.1199317469527, 2928.2610784602007, -3317.5972752826146, -2361.2443258619383, 1986.5829372850346, -2553.3681384393626, 2750.245111639612, -3279.480295361662, -3313.806367038354, 3338.0399348372935, 1819.1559814449772, -750.0352682377672, 3180.7803062061075, -2697.5089539201745, -966.1774953365573, -1234.933585702803, -1697.4284663890908, 3475.384188707873, -2542.332876587895]
(14)[3063.8357320944588, 2377.3502080574917, 3914.569935473486, -3455.3672997997523, 1969.9918297566867, -2936.9255922755624, -2997.7428022506106, -756.0239222728902, 1009.0909677793024, 2048.4872969940952, -2442.848661453699, 2686.0458338699264, 460.9467967502266, 2920.303112013838, -337.459813357117, 3093.03382454955, 2932.7932274401282, -3523.289918248192, -1750.938904653236, 2407.35905146484]
(15)[3333.297643198575, -3321.321312382949, 2992.8896109230636, 444.3901630424633, 2690.583511163329, -1783.1923575311623, 1550.6356699657422, 407.12837031901745, -1826.0862896114618, -2896.777876423777, -2685.2968484813064, 2425.735763512423, -66.75636467470231, -3697.8480023315346, 3107.734416691544, 1814.0267317666162, -3380.7274778472597, 3223.5618281284465, -457.9729915251329, -2616.4562442536067]
(16)[2265.6549445882406, -313.43088810247286, -2659.6828798447614, 2763.7092285557833, -2909.4238024488413, -1347.8344878041903, -3074.286814239479, 2634.599742944719, 3344.4619522508624, 3428.847926824233, 1813.2352269832138, 3339.064043796486, 355.32288601570536, -3147.9053538710523, 1252.7771023602995, -2735.692535888774, 607.7563839373266, -3181.968811871877, 1803.320005898043, -2691.413416931601]
(17)[-1719.6132519976925, 1606.749870440847, -3229.3735686207056, 1143.5396648777532, -2198.4985972663035, -2972.585309559756, -3805.5722289994205, -3228.920887832999, -2201.395059621857, -2511.7753417564572, 2147.250838197363, 1760.9874478227546, 251.19108874040748, -3529.5946454419663, -3415.504004374344, 1907.8278836574623, -3587.2314283472865, 968.3740512525676, -2310.049868790258, 2746.9091958949334]
(18)[2313.8612900742255, 3898.5001756624497, 2212.0377539888805, 3593.92696982118, 582.0546236896129, -1576.8584891054838, 2553.0394213850027, -1360.7122549696123, -2354.8457414531563, -3009.655325763851, 1949.8112356478973, -2705.2672312455475, -549.1880320604795, -1714.0987520789051, 2705.989332139153, -2868.264211911744, 2591.5395464117814, -2440.8241031874622, 2989.164139996533, 2926.9703073397122]
(19)[-3493.9625032627455, -3050.63563035946, -2485.7382398156924, 2539.5572545467853, 3086.6727973333473, -2118.4341444467577, 2574.924475486928, -1849.7033564367932, 1675.4643457225507, -2909.1505763130317, 2475.4772564063865, 2438.7576779658675, 660.7284319216484, 4169.537850908632, 616.517760558715, 2222.0442709319977, 3247.332489521135, -1607.2448744961107, -122.17849527832054, -2230.278487098721]
decayRate: 0.0
(0)[-2770.3777700381706, -3408.89009561069, 2689.4216988549624, -854.7509248091607, -2033.4633095419874, 3755.493349809159, 1845.9204208015253, -2281.7352276717584, 3134.904391412212, -958.120306679389, -3300.482017557251, -2518.3913196564904, 274.96795591603075, -2472.191819274811, -2584.5992112595427, -1465.4897333969473, 2004.291151335876, -2948.7068208015253, -3352.5937883587744, 2123.0318740458015]
(1)[3285.0971249999993, 2537.260697744359, -2207.3367187969925, -3042.0717556390964, -2793.6568930451144, 37.90979417293221, 2275.4165778195465, -3335.4107095864642, 3272.4717676691703, -1494.177444924813, -3019.265007142855, -3182.279866165415, -352.9716449248121, 2700.5356375939855, -42.667418045112726, 1757.3661507518812, -3354.4746246240584, -2306.889118984961, 2209.4885163533836, -3325.600620864664]
(2)[-2809.181383953032, -1779.745037769082, -2173.4271358121327, 1255.0857013698633, 1745.9405066536215, 2398.2503669275943, -3243.257029941289, 3479.6565148727987, -2999.7307111546, 2230.3801170254424, -2748.9476011741644, -3174.221106849317, -546.0090093933468, 20.859849510763134, 3562.8786587084123, 2388.48504031311, -3104.1772054794524, -2522.277436203524, 2043.4890502935402, 2243.2609483365964]
(3)[1464.307246296297, -3082.1250092592627, -548.7806225925927, -2805.1633220370386, -1992.7566214814826, -2580.05887111111, 2565.377221296295, -1329.5904999999996, 2465.923076851856, 3623.6692500000004, 3071.19125, 990.521122962963, 576.912431851852, -3195.064387962963, 1709.6663905555563, 3454.544073333335, 1682.209524999999, 2912.993875, 2928.704671111111, 3152.695751666667]
(4)[-3346.628440522876, 2825.3342050108913, 287.8888413943357, -3215.1247564270147, 2850.095314379084, 2498.4970043572994, -546.2184566448801, -2685.5289884531626, -2629.9287122004375, 517.0336612200437, -3097.549462745097, 2986.289388235294, 403.9981141612198, -3840.3363407407396, -267.5804291938998, -754.2379838779954, 2450.902310021786, -1137.1590163398696, 4480.647045098042, -1956.1695143790876]
(5)[-1440.4517202020197, 2303.23055212121, 2845.8855957575784, 2756.8580282828284, -3020.1882793939385, 3085.410534949497, -2505.2965008080805, -2597.198602020203, 444.41218181818175, 4065.4802898989888, 2869.94967959596, 537.7112135353539, -360.88040484848517, 2650.1530650505038, 3305.8986050505036, 2064.603802222225, 2260.341373131312, 1983.93536080808, -2810.5333511111116, -2624.55920747475]
(6)[2600.6334793240558, -1718.9434147117302, -1239.4940139165014, -3863.8594051689834, 2557.799073757453, 1533.5527485089463, 2552.9563499005985, -2225.429662425448, -3179.564666998015, 3634.179643936378, 3922.5868198807125, 1981.493851689861, 40.44692842942326, 2197.390942345925, -431.0248248508949, -3092.737629821071, -2716.831677335981, -2504.8129992047716, -2670.167773956264, 1672.7940695825046]
(7)[1308.4202539235414, 240.64802334004042, -277.0598136820926, 3633.2969175050307, 2758.747026156942, -2428.5041104627767, -2972.660414486923, -3486.2317527162936, 555.2743933601607, 1785.0858040241449, -1905.101033400403, -3715.7145247484927, -95.32231006036213, 2453.107011871225, -3663.8338070422546, -2241.0870611670025, 799.7372774647888, 3504.449366398392, 2305.261771830985, 3681.552863782697]
(8)[303.37034288659794, 2681.211285360825, 1808.8840358762884, 2410.1674373195906, 3089.1864657731962, 1811.6732045360818, 3246.961616494846, 3765.008657113401, 1535.6824837113415, 1545.0248094845347, 3142.005754226806, -2771.7656678350495, 471.6031441237113, -3525.0450084536087, -4058.792091340206, 2140.8145575257745, -3066.321364329896, 622.3495290721655, -304.9882222680416, -2568.7419065979407]
(9)[2491.1485397058827, 462.0509867647056, -3541.1518073529414, -2319.6020668067245, 2979.6842560924356, 3266.7271457983184, -3142.949225000001, 1348.6428504201676, 3217.233097689078, -4010.484272058824, 3495.50089264706, -818.5292052520996, -218.5700510504201, -1724.1461852941184, 2183.146930672268, -2333.2566250000013, 3609.4231033613414, 1309.4487100840347, -1075.17762710084, 209.98869390756295]
(10)[-2958.2510865800873, 3175.4481872294405, 1739.3600019480523, -692.1093166666664, 155.76542402597383, -431.8354813852809, 3297.786457359308, 2705.9567846320347, 3004.913619480519, -1457.0392792207792, -1432.239633333333, 3146.2270110389627, 740.7875551948055, 2838.966992640694, 3396.5635201298705, -3210.0495952380957, -3028.179677922078, 3677.8749982683994, 328.7426863636363, 3492.394256060605]
(11)[-2919.6577613725494, 652.6073021568626, -3240.1132668627465, -1539.9686823529407, -1915.040195686273, -3918.9710256862745, 681.2560435294116, 1954.2480490196083, -2189.3987927450967, 2464.8388768627447, -2572.5870190196065, -3336.3947521568653, -28.292248235294114, -869.1991729411762, -396.3753272549019, -2895.925932745094, 2632.529434509804, 2696.6084413725494, -3411.8959121568605, -4303.754750784311]
(12)[2868.1201886021486, -809.3423787096773, -3264.940709677421, 2672.5165126881743, -2751.688564301072, 3685.589166451611, 3569.748201505375, 1801.739394838709, -3215.781764946237, -1236.929426881721, -2348.821087096775, 2944.8652997849454, -1219.736627956989, 1366.3314172043013, -3153.931531612904, 1830.7356679569882, 2100.6671778494633, 2712.1940868817214, -275.5705774193552, 1819.8859047311826]
(13)[-2025.3951537525365, -3457.115688640974, 2958.2042367139943, -3641.5538563894484, -2001.740604462477, 423.22886105476636, -3249.6928478701843, 1508.1877442190676, -3020.4095486815427, -3188.935760040566, 3125.4022356997966, -939.955861663286, -405.4677742393504, 2410.5328701825565, -2440.932262474645, -63.86090162271804, -1912.7459235294136, 2427.3844298174427, 3470.9096040567915, -2535.292302636918]
(14)[1808.7219914893633, 2592.6217597678897, 3551.6417473887814, -3527.2059179884, 1691.7957969052243, -2817.7026282398456, -2237.971905029013, 2822.660124951643, 230.1280880077371, 1454.8478195357836, -2571.0230363636333, 2264.1933535783346, 682.7326765957448, 2751.2864108317203, -1875.1688723404252, 3473.8992940038693, 2693.1642636363636, -3148.4569410057998, -3109.9756483558986, 2012.550803288203]
(15)[3023.322143389196, -3090.5872985102433, 2947.8772858472976, 1286.9995744878943, 3049.1756729981375, -1758.137115642457, -259.12074394785844, -2729.053580633148, -820.3474867783973, -3055.7810620111736, -2550.903121973927, 987.9495597765372, -714.5242445065178, -2672.7493625698326, 3354.326489757915, 769.683358100558, -3323.422253445067, 3048.6598273743025, -2900.6954072625717, -2976.965574860334]
(16)[2711.7588098924716, -1149.6861664516125, -250.1251410752687, 2801.1723795698927, -2987.7004797849463, -855.8244924731187, -3419.9905356989216, 3355.4203326881716, 2872.0164903225823, 3103.2304993548373, -1223.6300815053764, 4147.041043225809, -148.32674967741934, -1199.1220935483882, -628.7894574193556, -3650.6056027957006, -919.1310434408607, -2671.2455101075275, 2385.887588172044, -3023.463230967739]
(17)[-3128.5425864173244, 1806.0934870078725, -3849.1135125984256, 1736.1449281496061, -2163.7150562992138, -2407.727644291339, -3538.5589903543305, -2767.2522641732266, 352.3191425196849, -3036.1649614173243, 2686.349410629925, 2509.3930131889756, 718.0381736220477, -2936.329081102362, -2788.73713070866, 2704.0901151574813, -3005.857278740156, -543.6206797244093, -2485.2358864173234, 1729.6196968503934]
(18)[2741.5394498039227, 2649.708284313725, 2957.90905862745, 2382.5902317647055, -2135.028236666667, -3400.5053666666663, 2498.0660054901955, 845.8924862745088, -3417.776009215687, -2552.7595547058822, 1806.5548129411773, -2269.02169254902, -290.6869125490195, -2854.3527741176476, 2822.5183203921592, -2624.936285686273, 752.8767633333334, -3208.8365662745086, 1421.3678629411768, 2888.6018178431405]
(19)[-4036.5251455968746, -2828.993550880626, -724.3416962818003, 3237.102236790605, 1902.3301295499011, -1553.301859295499, 3545.577915459882, -185.48254266144815, 820.0361260273964, -2353.0530954990204, 1951.5966344422702, 766.5825585127191, 1243.7068741682967, 4374.239209393347, 1619.1986389432482, 1101.5464909980433, 2967.5013309197607, -4091.8576534246545, 1531.979855381605, -2373.0533334637976]
